TRAIN SET- NO DEPTH RESTRAIN
accuracy:0.984375
[[63  0  2  0  0  0]
 [ 1 69  0  0  0  0]
 [ 0  0 13  0  0  0]
 [ 0  0  0 11  0  0]
 [ 0  0  0  0  7  0]
 [ 0  0  0  0  0 26]]


TEST SET- NO DEPTH RESTRAIN
accuracy:0.8181818181818182

[[5 0 2 0 0 0]
 [1 7 0 1 0 0]
 [0 0 0 0 0 0]
 [0 0 0 1 0 0]
 [0 0 0 0 2 0]
 [0 0 0 0 0 3]]

TRAIN SET- MAX DEPTH 4
accuracy:0.8020833333333334

[[61 14  9  0  0  1]
 [ 3 55  6  3  1  0]
 [ 0  0  0  0  0  0]
 [ 0  0  0  7  0  0]
 [ 0  0  0  0  6  0]
 [ 0  0  0  1  0 25]]

TEST SET- MAX DEPTH 4
accuracy:0.6818181818181818

[[5 2 2 0 0 0]
 [1 5 0 2 0 0]
 [0 0 0 0 0 0]
 [0 0 0 0 0 0]
 [0 0 0 0 2 0]
 [0 0 0 0 0 3]]

YOUR OWN FOREST PARAMETERS:

1) n_estimators=3

TRAIN SET
[[64  2  1  0  0  1]
 [ 0 66  0  1  0  0]
 [ 0  1 14  0  0  0]
 [ 0  0  0 10  0  0]
 [ 0  0  0  0  7  0]
 [ 0  0  0  0  0 25]]
0.96875
TEST SET
[[5 2 2 0 1 0]
 [1 5 0 1 0 1]
 [0 0 0 0 0 0]
 [0 0 0 1 0 0]
 [0 0 0 0 1 0]
 [0 0 0 0 0 2]]
0.6363636363636364

2) n_estimators=15

TRAIN SET
[[64  1  1  0  0  0]
 [ 0 68  0  0  0  0]
 [ 0  0 14  0  0  0]
 [ 0  0  0 11  0  0]
 [ 0  0  0  0  7  0]
 [ 0  0  0  0  0 26]]
0.9895833333333334
TEST SET
[[5 2 2 0 0 0]
 [1 5 0 1 0 0]
 [0 0 0 0 0 0]
 [0 0 0 1 0 0]
 [0 0 0 0 2 0]
 [0 0 0 0 0 3]]
0.7272727272727273

3) n_estimators=15, bootstrap=FALSE

TRAIN SET
[[64  0  0  0  0  0]
 [ 0 69  0  0  0  0]
 [ 0  0 15  0  0  0]
 [ 0  0  0 11  0  0]
 [ 0  0  0  0  7  0]
 [ 0  0  0  0  0 26]]
1.0
TEST SET
[[5 2 2 0 0 0]
 [1 5 0 1 0 0]
 [0 0 0 0 0 0]
 [0 0 0 1 0 0]
 [0 0 0 0 2 0]
 [0 0 0 0 0 3]]
0.7272727272727273

4) n_jobs=-1
[[64  0  0  0  0  0]
 [ 0 69  0  0  0  0]
 [ 0  0 15  0  0  0]
 [ 0  0  0 11  0  0]
 [ 0  0  0  0  7  0]
 [ 0  0  0  0  0 26]]
1.0
TEST SET
[[5 1 2 0 0 0]
 [1 6 0 1 0 0]
 [0 0 0 0 0 0]
 [0 0 0 1 0 0]
 [0 0 0 0 2 0]
 [0 0 0 0 0 3]]
0.7727272727272727


5)verbose=3

6) min_samples_leaf=3
TRAIN SET
[[60  4  3  0  0  1]
 [ 4 63  0  0  0  1]
 [ 0  2 12  0  0  0]
 [ 0  0  0 10  0  0]
 [ 0  0  0  0  7  0]
 [ 0  0  0  1  0 24]]
0.9166666666666666
TEST SET
[[5 1 2 0 0 0]
 [1 6 0 1 0 0]
 [0 0 0 0 0 0]
 [0 0 0 1 0 0]
 [0 0 0 0 1 0]
 [0 0 0 0 1 3]]
0.7272727272727273









