TRAIN SET- NO DEPTH RESTRAIN
accuracy: 1.0

[[64  0  0  0  0  0]
 [ 0 69  0  0  0  0]
 [ 0  0 15  0  0  0]
 [ 0  0  0 11  0  0]
 [ 0  0  0  0  7  0]
 [ 0  0  0  0  0 26]]

TEST SET- NO DEPTH RESTRAIN
accuracy:0.5909090909090909

TEST SET
[[3 1 1 0 0 0]
 [2 4 1 1 0 0]
 [0 2 0 0 0 0]
 [0 0 0 1 0 0]
 [0 0 0 0 2 0]
 [1 0 0 0 0 3]]

TRAIN SET- MAX DEPTH 4
accuracy:0.765625

TRAIN SET
[[56 16  4  0  1  1]
 [ 5 47  4  0  2  1]
 [ 3  4  7  0  1  1]
 [ 0  2  0 11  0  0]
 [ 0  0  0  0  3  0]
 [ 0  0  0  0  0 23]]

TEST SET- MAX DEPTH 4
accuracy: 0.7272727272727273
[[5 1 2 0 0 0]
 [1 6 0 0 2 0]
 [0 0 0 0 0 0]
 [0 0 0 2 0 0]
 [0 0 0 0 0 0]
 [0 0 0 0 0 3]]

YOUR OWN TREE PARAMETERS:

1) max_leaf_nodes=3

TRAIN SET
[[58 30 11  1  3  2]
 [ 5 38  4  9  4  1]
 [ 0  0  0  0  0  0]
 [ 0  0  0  0  0  0]
 [ 0  0  0  0  0  0]
 [ 1  1  0  1  0 23]]
0.6197916666666666

TEST SET
[[5 1 2 0 0 0]
 [1 6 0 2 2 0]
 [0 0 0 0 0 0]
 [0 0 0 0 0 0]
 [0 0 0 0 0 0]
 [0 0 0 0 0 3]]
0.6363636363636364

2)min_impurity_split=0.21

TRAIN SET
[[61  0  1  0  1  1]
 [ 2 69  0  0  1  0]
 [ 0  0 14  0  0  0]
 [ 0  0  0 11  0  0]
 [ 0  0  0  0  5  0]
 [ 1  0  0  0  0 25]]
0.9635416666666666
TEST SET
[[4 1 1 0 0 0]
 [2 4 0 1 0 0]
 [0 2 1 0 0 0]
 [0 0 0 1 0 0]
 [0 0 0 0 2 0]
 [0 0 0 0 0 3]]
0.6818181818181818

3)presort=True
TRAIN SET
[[64  0  0  0  0  0]
 [ 0 69  0  0  0  0]
 [ 0  0 15  0  0  0]
 [ 0  0  0 11  0  0]
 [ 0  0  0  0  7  0]
 [ 0  0  0  0  0 26]]
1.0
TEST SET
[[3 1 1 0 0 0]
 [2 4 0 1 0 0]
 [0 1 1 0 0 0]
 [0 0 0 1 0 0]
 [0 0 0 0 2 0]
 [1 1 0 0 0 3]]
0.6363636363636364




