YOUR OWN PARAMETERS:
1) n_neighbors=5
TRAIN SET- 
accuracy:0.7760416666666666

[[58 13  8  0  0  2]
 [ 5 55  0  2  5  3]
 [ 1  0  7  0  0  0]
 [ 0  1  0  8  0  1]
 [ 0  0  0  0  1  0]
 [ 0  0  0  1  1 20]]

TEST SET- 
accuracy:0.5
[[4 2 2 0 0 1]
 [1 5 0 1 2 0]
 [1 0 0 0 0 0]
 [0 0 0 0 0 0]
 [0 0 0 0 0 0]
 [0 0 0 1 0 2]]

2) n_neighbors=8

TRAIN SET
[[58 19 11  0  2  2]
 [ 6 46  1  1  2  3]
 [ 0  1  3  0  0  0]
 [ 0  3  0  8  1  1]
 [ 0  0  0  0  0  0]
 [ 0  0  0  2  2 20]]
0.703125
TEST SET
[[4 3 2 0 2 1]
 [1 4 0 1 0 0]
 [1 0 0 0 0 0]
 [0 0 0 0 0 0]
 [0 0 0 0 0 0]
 [0 0 0 1 0 2]]
0.45454545454545453

3) n_neighbors=2
TRAIN SET
[[64 14  8  0  0  0]
 [ 0 55  1  1  1  1]
 [ 0  0  6  0  0  1]
 [ 0  0  0 10  1  1]
 [ 0  0  0  0  5  0]
 [ 0  0  0  0  0 23]]
0.8489583333333334
TEST SET
[[4 1 2 0 0 0]
 [1 6 0 1 0 1]
 [1 0 0 0 0 0]
 [0 0 0 1 0 0]
 [0 0 0 0 2 0]
 [0 0 0 0 0 2]]
0.6818181818181818

4) n_neighbors=1
TRAIN SET
[[64  0  0  0  0  0]
 [ 0 69  0  0  0  0]
 [ 0  0 15  0  0  0]
 [ 0  0  0 11  0  0]
 [ 0  0  0  0  7  0]
 [ 0  0  0  0  0 26]]
1.0
TEST SET
[[3 1 2 0 0 0]
 [2 6 0 0 0 0]
 [1 0 0 0 0 0]
 [0 0 0 2 0 0]
 [0 0 0 0 2 1]
 [0 0 0 0 0 2]]
0.6818181818181818

5) algorithm=ball_tree, n_neighbors=2
TRAIN SET
[[64 14  8  0  0  0]
 [ 0 55  1  1  1  1]
 [ 0  0  6  0  0  1]
 [ 0  0  0 10  1  1]
 [ 0  0  0  0  5  0]
 [ 0  0  0  0  0 23]]
0.8489583333333334
TEST SET
[[4 1 2 0 0 0]
 [1 6 0 1 0 1]
 [1 0 0 0 0 0]
 [0 0 0 1 0 0]
 [0 0 0 0 2 0]
 [0 0 0 0 0 2]]
0.6818181818181818













... ( to be completed with new parametrized models)
